50
10
12 169
28 380
51 705
54 744
65 885
67 918
70 954
79 1083
86 1179
100 1356
10
13 182
22 287
24 325
29 383
38 501
39 512
59 777
73 956
75 986
100 1304
10
7 14
36 67
50 93
60 111
68 125
68 126
71 131
74 136
75 138
100 183
10
8 168
8 177
13 261
30 600
36 728
37 746
50 1005
91 1824
97 1939
100 1984
10
0 5
4 27
13 86
23 156
36 237
79 523
83 545
83 545
96 633
100 656
10
15 270
23 418
58 1042
70 1257
75 1345
75 1355
79 1420
82 1481
91 1633
100 1791
10
9 30
28 87
28 87
37 117
40 125
41 129
45 142
57 177
80 248
87 270
10
27 66
34 83
36 89
40 99
45 112
50 123
50 124
71 174
97 238
100 244
10
4 60
5 72
10 133
16 198
30 370
40 490
63 767
63 773
78 956
100 1214
10
11 167
21 323
58 884
59 897
66 1006
87 1331
91 1391
98 1498
98 1500
100 1516
10
40 757
55 1049
61 1145
79 1493
83 1562
85 1600
88 1652
94 1771
96 1816
100 1876
10
5 77
8 135
21 332
32 490
41 624
42 643
54 826
98 1492
98 1504
100 1521
10
2 8
38 149
58 226
74 289
81 318
84 328
87 341
88 345
90 351
100 389
10
14 133
20 183
40 365
41 378
46 421
56 510
69 630
70 634
77 702
100 904
10
17 240
38 516
39 528
50 682
52 706
54 725
71 960
72 974
81 1092
85 1146
10
24 400
33 550
34 567
50 819
52 858
64 1060
64 1061
84 1375
84 1385
93 1533
10
3 15
16 68
21 90
25 107
28 117
40 169
44 184
81 337
97 402
100 413
10
24 99
24 101
30 124
49 203
58 239
58 241
59 243
81 336
92 381
100 410
10
14 18
18 23
23 29
34 42
34 42
58 71
68 84
84 103
85 104
100 122
10
50 517
51 535
54 562
74 770
75 785
79 821
86 898
92 959
96 1002
98 1022
10
39 792
42 849
51 1022
58 1156
63 1253
65 1304
72 1433
78 1552
92 1841
100 1986
10
14 197
50 679
57 777
61 835
73 995
73 999
75 1019
86 1171
97 1323
99 1350
10
0 1
3 31
12 127
18 189
27 279
35 355
75 758
93 943
97 979
100 1008
10
11 217
22 407
32 601
57 1055
61 1130
73 1342
79 1454
90 1652
91 1665
100 1823
10
10 70
22 155
23 163
29 201
46 321
61 422
76 526
81 555
91 627
100 684
100
0 2
0 2
0 2
0 5
0 6
1 8
2 15
5 37
5 41
6 44
7 49
8 61
10 75
12 83
13 92
14 98
15 103
15 109
19 134
19 135
19 136
21 148
23 158
23 164
24 165
24 167
24 168
24 169
25 174
28 194
28 197
32 225
32 226
33 232
33 233
34 238
36 248
36 249
36 249
36 252
36 252
37 258
37 259
37 260
37 260
39 268
40 276
42 291
44 306
49 340
51 351
52 363
53 368
54 372
54 376
55 382
57 395
57 396
58 399
59 405
59 409
60 414
61 422
63 435
64 443
64 444
67 464
69 475
70 482
71 488
73 501
74 514
76 522
77 533
78 541
79 544
79 544
80 552
80 552
81 557
82 563
82 566
83 572
84 579
84 579
84 581
86 592
86 596
88 605
89 612
90 618
90 620
91 625
92 637
94 650
95 658
96 664
97 672
100 686
100 686
100
1 7
1 9
1 9
3 23
3 25
3 25
4 29
4 32
5 35
5 37
7 46
7 46
7 47
7 48
9 64
10 67
12 80
13 89
15 99
17 115
18 117
19 129
20 135
22 144
22 144
23 153
24 159
24 161
25 163
25 167
25 168
26 169
26 172
27 176
27 180
27 180
28 183
31 204
35 229
36 238
38 252
38 253
40 266
41 272
43 280
43 281
46 305
47 308
49 321
49 324
50 329
52 343
53 347
54 351
56 364
58 382
59 389
60 390
60 391
61 402
62 405
62 405
62 407
62 408
63 414
66 432
66 432
66 433
66 434
68 446
72 469
73 475
74 485
76 495
76 499
77 501
78 510
78 513
81 531
82 536
83 543
86 559
86 563
86 563
89 581
90 589
91 593
91 593
91 596
92 601
93 608
93 609
94 613
94 616
97 636
98 638
98 641
98 642
99 648
100 650
100
0 5
0 6
0 7
1 13
1 14
1 16
4 39
5 50
5 53
7 70
7 72
8 79
8 81
9 89
10 97
11 102
11 104
11 105
11 109
12 115
12 117
14 129
14 134
16 150
16 150
16 154
17 155
20 191
23 211
23 211
23 213
25 231
25 233
27 246
29 272
33 309
34 315
35 320
39 364
42 383
43 397
43 399
44 405
45 412
46 422
46 425
47 430
47 432
49 451
49 453
50 456
50 460
51 473
52 479
53 485
53 486
55 508
55 508
58 534
59 543
60 552
60 553
61 558
61 561
62 565
62 567
62 569
63 580
63 581
63 581
65 601
66 609
66 610
67 613
68 621
68 627
69 631
70 641
70 643
70 644
72 663
72 665
76 695
76 695
77 708
80 729
81 745
83 759
83 759
84 767
87 799
91 837
91 838
92 843
98 897
99 902
99 907
99 907
100 911
100 911
100
1 4
2 8
2 11
4 18
4 18
5 22
7 30
10 41
11 45
11 47
11 47
12 48
13 51
13 52
14 55
14 58
15 59
15 61
16 63
16 64
19 78
21 84
22 87
24 95
25 99
25 100
26 104
27 106
27 109
30 119
31 123
31 124
35 138
35 139
35 140
38 152
39 156
40 158
40 160
41 162
42 166
42 168
42 168
43 170
44 173
44 175
46 183
51 203
51 203
53 209
56 220
56 220
57 226
60 239
61 242
62 244
63 247
63 247
63 249
64 254
65 255
65 255
65 255
65 256
65 257
66 259
66 261
66 262
67 264
68 267
68 268
68 268
69 273
71 280
71 281
73 288
76 300
77 302
77 304
78 309
79 310
79 313
82 322
82 324
83 326
83 326
85 335
85 335
85 336
86 338
86 340
86 341
87 342
89 349
93 366
96 377
96 379
96 379
97 384
100 392
100
0 3
0 5
2 16
3 19
4 27
6 39
7 44
7 46
8 54
9 56
9 56
11 69
11 71
12 75
12 75
13 82
15 93
15 96
16 102
16 104
20 130
21 133
22 138
22 141
23 145
24 149
24 151
25 159
25 159
25 161
26 163
26 165
27 171
27 172
28 177
29 183
29 184
31 195
31 198
33 206
33 208
33 210
34 215
34 215
36 229
38 239
39 245
43 271
44 273
44 277
45 284
46 289
48 298
50 315
52 323
52 325
53 331
56 349
57 356
57 358
60 375
62 386
63 394
64 398
66 412
67 421
68 423
68 426
69 433
76 472
77 482
78 485
78 486
78 489
79 493
80 500
83 518
85 527
85 527
85 531
86 537
87 540
87 540
88 550
88 551
90 559
90 561
90 562
90 563
91 566
92 574
93 577
93 579
94 583
94 585
95 595
98 609
98 611
99 619
100 620
100
0 4
4 36
4 37
9 80
11 95
14 126
15 132
15 137
18 161
20 175
20 178
21 181
21 187
22 193
24 213
25 221
26 228
28 243
29 249
29 251
29 256
30 264
31 267
31 269
32 277
33 285
33 288
34 296
37 320
37 325
38 330
39 339
39 343
42 364
42 367
45 388
45 388
46 396
46 397
46 399
48 413
48 414
49 423
49 424
49 425
52 448
53 461
55 476
55 477
56 481
56 482
56 487
58 502
59 509
61 524
61 525
61 525
61 528
65 558
65 559
65 560
66 568
66 572
66 573
67 579
68 589
70 601
71 612
72 621
73 633
74 639
74 641
77 664
77 665
78 671
79 682
80 689
81 703
85 735
85 735
87 749
87 752
87 754
87 755
89 765
90 780
91 781
91 786
92 797
94 810
94 815
96 827
96 828
96 830
97 838
97 840
99 850
99 856
99 856
100 858
100
1 7
4 19
4 22
6 29
8 37
8 39
9 42
9 44
10 45
10 46
10 47
11 49
13 62
14 64
15 71
15 71
16 74
16 74
16 75
17 78
18 81
19 85
22 100
23 105
24 107
24 108
24 108
26 116
26 118
28 126
28 126
28 127
29 132
30 136
30 137
31 142
34 153
36 162
36 164
37 167
37 168
38 171
38 171
40 179
41 184
44 199
45 201
45 203
45 203
46 206
49 220
49 221
50 225
51 227
51 230
53 237
53 238
53 239
54 242
56 253
57 255
59 265
60 270
64 287
65 289
66 294
68 306
68 306
69 307
70 314
72 322
78 347
79 351
80 357
81 361
82 368
82 368
83 370
85 380
86 383
86 383
86 383
86 384
87 388
88 394
89 397
90 401
91 408
92 410
93 414
93 414
93 415
94 418
95 422
95 422
95 426
96 430
97 433
97 434
100 444
100
1 29
2 41
3 75
5 108
6 130
8 169
9 172
10 207
10 208
12 245
14 275
15 290
17 340
19 371
20 380
21 406
21 409
22 422
22 427
25 484
25 486
27 514
30 574
31 604
33 633
33 635
34 661
36 687
36 688
38 728
39 742
39 744
40 769
40 774
41 786
42 815
43 825
43 828
46 874
46 884
47 893
47 910
48 913
50 955
51 974
51 978
51 983
52 998
55 1046
55 1050
55 1055
56 1071
56 1080
56 1081
58 1117
59 1138
60 1144
60 1153
61 1166
62 1181
62 1187
64 1229
65 1244
66 1257
69 1313
72 1381
73 1386
73 1399
73 1400
74 1413
75 1427
75 1427
76 1445
76 1458
78 1495
79 1510
80 1519
80 1521
80 1531
81 1548
82 1565
83 1587
83 1591
85 1621
86 1650
88 1680
88 1688
89 1697
89 1700
90 1710
90 1716
91 1732
91 1745
93 1776
93 1780
93 1781
94 1796
97 1850
98 1868
99 1890
100
0 5
1 36
2 46
3 72
4 76
4 79
4 90
5 113
6 128
9 184
9 187
10 206
11 209
11 224
11 224
12 227
12 239
12 240
12 241
13 252
16 317
16 318
17 331
20 390
21 403
22 415
22 416
23 434
24 457
25 481
28 544
30 571
32 611
33 631
34 643
35 660
37 703
37 709
38 721
42 797
42 802
42 810
44 833
44 834
44 840
45 850
45 850
45 854
46 870
46 880
47 892
47 895
48 913
48 913
48 914
48 922
50 946
51 967
52 986
53 1004
53 1009
54 1018
54 1032
55 1047
55 1050
58 1102
61 1152
61 1163
62 1184
63 1202
64 1219
71 1351
71 1351
75 1429
76 1433
77 1455
77 1459
77 1463
78 1475
79 1498
81 1535
81 1537
81 1542
83 1573
84 1596
86 1629
86 1629
87 1646
87 1651
89 1682
93 1759
93 1762
94 1772
95 1799
95 1806
96 1811
96 1822
96 1827
97 1837
98 1856
100
0 5
0 16
2 39
2 47
3 50
4 72
6 108
7 116
7 125
10 175
13 222
16 261
18 301
19 312
19 320
22 355
24 385
24 393
26 424
28 462
29 465
29 475
30 496
31 504
34 560
35 565
36 580
36 581
36 590
37 607
38 615
38 617
39 628
39 629
40 644
40 648
40 651
42 674
42 682
43 697
44 708
45 732
46 743
46 749
48 772
49 791
49 791
50 814
51 825
53 851
53 857
53 864
55 892
57 916
57 927
58 935
58 937
59 956
60 969
60 974
62 1005
65 1057
67 1076
70 1137
71 1148
71 1148
73 1175
74 1201
76 1222
76 1230
76 1231
76 1233
78 1260
78 1262
79 1279
79 1280
79 1280
80 1293
81 1300
81 1313
83 1333
83 1336
83 1339
83 1345
84 1352
84 1355
85 1370
86 1389
88 1417
89 1440
90 1454
91 1461
92 1476
94 1508
94 1510
95 1534
97 1562
98 1580
99 1600
100 1603
100
1 24
1 31
3 60
4 78
4 88
4 89
5 93
5 96
5 109
6 115
6 125
7 132
7 133
8 163
9 183
10 188
12 224
14 270
16 299
17 324
18 332
18 346
19 350
20 382
21 390
25 462
25 467
27 507
28 516
28 522
29 545
30 555
30 560
31 569
32 589
32 589
32 602
34 637
35 641
36 671
38 698
42 781
43 790
43 796
44 815
44 819
46 847
46 854
47 867
48 880
49 914
50 917
50 926
50 929
52 955
54 992
55 1017
56 1031
56 1035
56 1039
57 1047
58 1072
60 1112
62 1137
64 1184
66 1216
68 1249
69 1269
69 1278
70 1295
73 1339
73 1345
73 1352
74 1361
74 1367
74 1370
75 1388
76 1406
77 1417
77 1417
78 1445
80 1467
80 1469
80 1470
80 1471
81 1492
82 1503
83 1529
83 1534
87 1611
88 1620
89 1646
92 1697
94 1736
95 1751
95 1752
95 1757
97 1784
97 1792
98 1806
100
0 9
3 42
5 59
6 70
6 71
7 81
7 81
7 83
7 84
7 85
8 92
8 101
10 121
12 137
12 145
13 148
13 153
13 153
13 154
14 159
14 166
14 168
15 174
16 180
16 183
16 191
19 223
21 242
22 249
24 280
25 290
26 293
26 295
27 305
27 309
30 342
30 343
31 357
31 359
32 360
32 360
32 364
32 368
32 368
33 377
34 392
34 392
35 404
36 405
36 408
36 410
36 414
37 426
38 437
41 472
42 478
43 491
43 494
45 512
45 513
46 526
46 527
47 531
47 534
48 547
51 584
54 610
56 632
57 643
58 657
59 671
59 672
64 726
66 749
68 766
69 786
72 817
74 839
75 850
75 850
79 893
79 896
82 923
84 948
84 953
86 974
86 977
91 1026
91 1028
92 1039
92 1040
92 1042
93 1050
95 1069
95 1069
95 1073
96 1080
96 1089
99 1121
100 1124
100
2 9
2 10
2 10
3 16
5 24
6 30
7 31
9 41
9 42
11 50
13 60
13 60
14 61
14 61
15 67
15 68
17 76
17 77
18 78
18 80
19 83
20 86
20 86
20 89
21 91
21 94
22 97
23 100
24 104
25 109
26 115
27 116
27 120
28 121
28 124
29 126
30 132
33 143
34 149
36 155
36 158
37 161
37 161
37 162
40 175
41 176
42 183
42 184
44 191
45 194
48 207
48 208
48 208
51 219
52 224
54 235
55 239
55 240
56 241
56 243
58 250
60 259
62 267
63 272
64 278
68 292
69 300
71 306
71 306
71 306
71 307
72 309
72 309
73 314
73 314
73 315
73 315
74 320
75 323
76 329
78 335
78 338
79 339
81 351
86 372
86 373
87 374
87 375
88 381
89 384
91 392
91 393
94 407
95 408
95 410
96 412
97 418
98 423
100 429
100 429
100
2 9
3 11
4 14
5 17
6 20
6 20
6 21
7 22
7 23
7 23
8 27
9 30
10 31
10 31
10 33
11 34
13 40
13 40
13 40
14 45
16 50
16 50
16 50
16 51
17 54
17 54
17 54
18 55
21 66
22 68
24 73
24 75
25 76
25 77
25 77
26 79
27 82
31 95
31 96
32 98
33 102
34 103
35 108
37 114
38 117
39 118
39 120
41 124
42 127
42 127
42 128
43 130
43 130
43 132
45 136
46 141
47 144
48 147
53 162
53 163
54 164
57 173
57 174
57 175
58 176
58 178
60 183
62 190
64 195
64 195
64 196
66 202
71 217
72 219
73 222
74 226
75 227
75 228
75 228
75 229
75 229
76 230
77 235
78 238
79 241
80 242
81 245
81 246
84 254
84 256
86 262
88 267
88 268
89 270
90 274
92 280
93 281
95 288
100 302
100 302
100
1 21
5 58
6 74
8 92
9 106
9 106
9 109
9 109
11 131
12 138
14 162
14 168
15 169
15 175
15 177
18 212
19 223
20 230
22 249
26 295
26 301
27 304
28 320
30 348
31 358
34 384
36 409
37 419
37 426
38 428
40 459
41 466
41 472
43 487
44 499
46 519
46 528
51 577
51 583
52 585
52 595
55 624
55 628
55 629
56 631
57 650
58 661
59 674
60 682
61 695
62 703
63 719
64 725
66 745
66 745
66 747
66 751
67 761
68 766
69 778
70 787
72 810
72 816
73 823
74 837
74 842
75 850
75 850
78 883
78 887
79 890
79 893
80 901
80 908
82 922
82 927
83 937
83 944
84 947
85 957
85 960
85 962
86 969
87 980
87 987
88 997
89 1011
90 1014
90 1016
90 1017
90 1020
91 1030
94 1059
96 1090
98 1111
99 1114
99 1121
99 1121
99 1121
100 1124
100
0 1
0 15
1 20
1 34
2 39
2 40
3 71
4 73
5 106
6 119
7 134
7 136
7 141
12 218
12 218
12 221
13 241
13 242
14 260
16 297
17 321
18 331
19 347
19 351
20 368
21 386
21 391
24 436
24 447
25 463
26 473
28 504
28 509
29 531
29 533
32 577
32 577
32 593
35 631
36 649
37 672
38 689
39 703
39 704
39 709
40 730
42 763
43 779
44 803
45 826
48 879
50 906
50 910
51 924
52 937
52 940
52 949
54 984
55 998
56 1024
57 1030
58 1055
58 1061
59 1068
59 1079
60 1094
61 1109
64 1155
64 1161
65 1183
67 1209
68 1233
69 1255
72 1303
72 1309
73 1314
73 1316
73 1322
74 1332
74 1348
75 1365
77 1391
77 1393
78 1409
78 1410
81 1461
83 1502
84 1529
86 1549
86 1556
86 1563
87 1569
87 1577
88 1587
88 1588
89 1613
93 1684
95 1712
95 1717
96 1739
100
1 32
1 33
2 43
3 55
3 61
4 73
4 78
5 99
6 108
6 115
8 140
8 144
9 158
9 162
10 182
11 188
13 221
13 222
13 225
14 245
15 255
15 257
15 265
17 300
20 345
21 361
21 368
22 372
23 401
23 403
24 413
26 452
27 461
27 462
28 483
30 515
32 541
33 566
34 586
35 590
38 655
40 676
40 680
42 718
43 737
43 738
44 745
45 763
46 781
47 791
48 819
49 830
52 883
54 924
55 933
55 938
55 939
57 962
58 980
60 1014
60 1020
61 1032
61 1032
61 1034
62 1053
63 1062
63 1072
63 1074
63 1074
63 1075
66 1120
66 1122
69 1175
69 1177
70 1190
76 1286
76 1290
81 1370
81 1372
81 1373
81 1374
82 1385
83 1402
84 1417
86 1454
87 1477
88 1492
90 1527
91 1537
91 1542
91 1542
91 1543
92 1563
95 1602
95 1612
97 1633
97 1638
97 1643
97 1645
100 1682
100
1 9
1 12
2 13
6 37
7 46
8 52
8 52
9 56
9 56
9 57
10 63
15 92
18 111
18 113
19 115
20 125
21 127
21 130
22 138
23 141
23 142
23 143
24 146
25 152
25 152
26 158
26 161
27 167
28 171
30 185
31 189
33 201
34 207
36 222
37 227
38 230
38 234
39 237
40 244
41 251
42 256
42 258
44 265
44 268
46 278
46 280
47 287
48 294
50 303
51 308
54 329
56 339
58 349
58 351
59 357
60 361
60 366
61 370
61 370
61 371
61 371
63 379
64 389
66 399
66 399
66 400
66 400
69 416
70 426
73 443
74 447
74 448
75 455
75 455
77 465
77 467
78 471
79 475
81 487
81 488
82 493
83 503
84 509
85 513
85 516
86 519
87 525
87 528
89 536
89 537
90 545
90 545
91 547
93 561
95 574
96 579
97 587
98 594
98 594
99 597
100
1 27
2 33
2 36
3 49
3 54
4 67
5 88
6 112
7 118
8 132
9 147
12 204
13 209
17 275
17 287
19 309
19 311
19 320
24 385
24 391
24 398
25 402
28 450
28 464
29 466
33 537
35 571
36 578
36 592
37 602
38 611
38 616
39 627
41 661
42 680
43 700
46 745
47 755
48 781
50 803
51 824
51 827
53 852
54 874
55 884
55 887
55 895
56 898
57 921
58 938
60 970
61 982
62 995
64 1031
65 1044
65 1050
65 1055
66 1074
67 1080
68 1095
68 1099
68 1106
69 1109
70 1125
70 1126
71 1142
71 1148
72 1163
73 1175
73 1183
74 1199
74 1200
77 1236
80 1291
81 1300
81 1301
82 1320
82 1329
84 1349
84 1357
85 1376
86 1382
87 1395
87 1405
87 1410
88 1416
88 1417
88 1420
88 1424
89 1436
91 1459
91 1463
93 1502
93 1502
94 1520
95 1531
96 1541
97 1561
98 1573
100 1603
100
0 7
1 17
2 23
3 41
8 94
9 106
10 110
12 131
14 154
15 170
20 224
22 242
22 248
22 248
23 249
23 251
23 257
24 264
26 287
28 305
31 339
31 345
32 350
32 351
32 354
33 365
34 368
34 371
34 371
34 373
36 397
36 400
38 420
39 424
39 425
40 435
40 441
42 461
43 472
43 476
44 482
46 505
47 513
47 513
48 525
48 528
51 561
52 564
52 567
53 575
53 580
56 610
56 611
57 617
57 621
57 622
57 625
57 627
58 634
58 636
58 638
59 642
59 642
59 644
60 657
61 664
63 685
65 705
66 719
66 724
67 728
69 748
69 757
73 792
73 800
75 816
78 853
79 859
80 872
81 881
82 896
84 911
85 920
87 947
88 954
88 961
90 978
91 994
92 998
92 1005
93 1008
93 1012
93 1013
94 1018
95 1035
96 1043
97 1054
97 1058
98 1062
100 1082
100
0 3
0 8
0 8
0 11
1 28
1 29
1 34
2 46
3 54
3 57
5 88
5 97
7 127
7 132
8 150
10 185
10 192
12 212
12 212
12 220
12 225
15 264
16 289
18 320
18 325
19 340
19 344
20 352
20 361
22 387
22 390
24 424
24 427
25 453
25 455
26 458
26 471
27 480
27 488
28 508
31 551
31 557
32 574
33 594
35 627
36 646
37 655
38 670
38 679
39 697
39 702
41 724
41 726
44 787
45 792
45 793
48 854
49 864
49 869
50 893
51 902
51 911
52 916
52 921
53 943
54 954
56 992
56 993
57 1011
57 1017
57 1019
62 1102
64 1135
69 1221
69 1229
70 1238
70 1245
73 1291
76 1346
77 1357
77 1369
78 1387
79 1395
79 1395
80 1417
81 1433
82 1455
84 1479
84 1483
87 1538
87 1543
87 1543
92 1620
93 1647
93 1650
94 1667
95 1676
95 1678
95 1685
98 1735
100
0 0
2 8
2 10
3 15
4 16
4 19
5 21
7 29
7 30
8 32
8 33
8 34
9 36
12 49
13 52
14 54
14 55
15 61
16 63
16 64
18 71
19 74
22 88
23 91
23 92
24 95
25 97
29 113
34 132
35 135
36 139
36 140
39 153
40 154
42 162
43 169
44 173
44 173
45 174
45 175
45 177
46 179
48 188
49 192
50 194
52 203
54 208
54 210
55 212
55 213
56 216
56 216
56 217
56 219
58 224
58 224
60 231
61 235
62 240
62 241
63 246
66 257
67 258
67 261
68 262
69 266
71 274
72 278
72 279
73 284
75 289
75 290
75 292
76 293
77 298
78 301
79 306
81 313
81 314
85 328
85 328
85 328
86 333
86 333
88 341
90 348
91 352
91 353
91 354
91 354
92 358
93 360
94 362
94 362
94 362
94 364
95 369
99 382
100 385
100 385
100
1 20
3 44
4 58
5 69
5 73
7 91
7 96
9 118
9 122
10 133
10 137
11 146
12 156
13 168
13 172
13 176
18 239
21 270
25 321
27 351
28 371
29 373
29 381
29 381
29 384
30 395
31 401
31 401
31 403
32 419
34 439
35 449
36 467
36 471
36 472
38 491
39 502
39 509
39 510
40 515
43 561
45 580
45 584
45 588
47 609
47 614
48 620
49 636
50 643
50 643
50 649
51 660
53 684
54 696
55 705
55 706
55 707
57 732
59 766
59 766
60 771
61 782
62 798
63 819
64 825
66 856
67 864
67 865
69 889
70 901
71 910
72 934
73 945
74 949
75 971
77 989
77 989
79 1019
80 1037
81 1042
81 1047
83 1071
83 1076
85 1089
85 1098
86 1108
87 1120
88 1130
88 1136
88 1140
91 1170
91 1170
92 1184
92 1185
94 1207
95 1222
97 1251
98 1261
99 1277
99 1278
100
1 28
2 37
3 57
5 81
6 107
7 115
7 127
9 147
9 150
9 152
9 154
11 183
12 205
13 208
13 222
16 270
18 291
18 299
19 315
19 315
20 320
25 405
26 429
27 440
27 445
29 469
29 472
29 475
31 499
32 526
33 533
34 552
36 589
37 595
37 603
38 609
38 621
40 641
40 644
40 653
41 658
41 658
42 675
43 702
45 723
46 746
46 751
47 754
48 780
49 799
52 834
52 840
54 873
55 886
55 889
55 892
56 908
57 924
58 940
60 962
61 988
66 1061
67 1078
68 1099
69 1117
72 1165
73 1178
73 1181
74 1192
75 1201
78 1263
79 1268
81 1296
81 1297
81 1298
81 1311
82 1319
83 1339
84 1347
85 1360
85 1368
86 1391
88 1421
89 1429
90 1445
91 1471
92 1473
92 1476
92 1478
92 1480
92 1481
94 1512
94 1514
94 1516
95 1531
96 1537
97 1554
97 1561
97 1563
98 1574
100
1 5
4 17
9 33
9 34
10 38
10 38
11 43
11 43
12 44
12 45
13 47
13 49
15 55
15 56
19 69
19 72
20 73
20 73
21 76
21 77
22 81
22 81
24 87
27 101
29 106
34 124
35 127
37 137
37 137
38 138
40 145
40 147
41 149
41 150
43 158
44 160
45 165
45 166
46 167
46 168
47 172
48 174
50 183
51 185
52 190
52 191
53 192
53 193
54 195
54 198
55 200
55 201
55 202
57 209
58 211
59 214
59 214
59 214
60 217
60 219
60 220
64 233
65 238
65 238
66 240
68 247
68 247
69 251
70 253
70 253
70 254
71 257
72 260
73 267
74 270
75 273
75 274
76 275
80 291
80 292
81 293
82 299
83 303
84 305
84 306
86 314
88 321
89 323
91 330
91 332
92 334
93 336
93 339
94 342
95 345
96 348
97 353
99 358
99 360
100 361
