10
23 69
101011101001010100010000011100110101100100000000011110000000000010010
101010000100000000001100111001110100110011110101010000000010010000100
011011111100101110100011110011111100010000101101001000000010000110001
110101101000001111001000000111110011010110001101101110101001100000001
101110000101010011111111000111100010011001011011011111100010001110100
110110110000000000101110101000001111001111000010001101101110010110010
000011010101010111100010101001100111111111111010011101000110101100000
001011001101100000101010110001111101000011011000111000100000110010101
011010001111001100110010110110100010100110001010011001011110011101111
011000010000000110110001010010011100000110101001111101111111010011000
010110110000101001100000110101011010100011110111011000010100100011101
111101101011110101000111000111010111111001110001101001110000110010101
010010010000000101011010111110101011100001000100110111111011011011111
010101000001100101101010110011001100101010110011001111011001011100001
101001100011010111100011010111111110011111100100111001010010011101010
100000110001011111011010000011101010111001110110110101110001010000010
001100011111110100110100001110101011101101110011101101010100001111100
000100011101101011010010110101110111011110001011101001100101001100111
001100101100011000101101011101111010111110001101010111011010100011111
000111000010101011011011001011110101010001010001001100111101100111100
001001001010111011111100010110010110001101100101111101011110010010000
000111110101100000101000111100100001011100111000010101110010011001001
001101001011111010110001110001001001000100101000100000010100011111100
10
M 18 58 0
M 8 35 1
Q
Q
M 12 48 0
Q
M 0 53 1
Q
M 2 7 0
Q
71 26
01111100101010110011001100
00011110010101111101100100
01010110011100001001000100
10111000001010011000101100
11101101100001001010011110
11000110011111011110011110
00101101101100101001001001
10110000111011001110011100
10000111000101011100001011
10100010110111100001101011
10100110001111010011000111
11010101001101010100110101
01101111101001010010110101
11101100011011101110111010
00010000100101001001100000
00100011111001010101101010
01101011101010010110011111
00100011111011111110100000
00010000100100111001100110
01110100100011000011010110
10010010000010111110100101
10001011101101110100100000
01010101001001000100010111
10110010000011111001111100
01100100111100111101000101
11010100011101110001101011
01101100010110010001101101
01111011111000011100001100
00001101100111110010110101
01010101000101101100010000
00000101111111001000110101
11011100110110100000111100
11001110111000110010111100
11110110100110100010100110
10000101000100110010100100
01100111101011101110101001
10001101010111101111011000
01110101011100111001101111
01011001010010010111110000
11101011110000011001111110
10110011110110101010111011
01111011000001111101001111
10011101101110110010110010
10000001101100001001011000
10001010001001111001001001
00100111011000101011011100
00100100010011010100011110
11011000100011010000010010
00001010010000111001100011
00011100100110001100010110
00101110101011111100101000
01101011000010001001010111
11001001110011101110001011
11101100011011011000001011
00000101011110100101001110
10110010110001101100011100
00010101010000001011101110
11100011110011101110101010
10001101111011011010110001
01001110001011010100111101
01111001001011110001000000
01100000011000110111000100
01101100101101100100110111
01101100000101101111101011
11101011000111001111100110
01110100000110001010111011
10100010001010000001000001
11100110000001100111101011
01001011111000110010111001
01001101100011110110101100
00110011111100111101111001
6
M 16 22 0
M 47 8 0
M 44 8 1
M 52 6 1
Q
Q
100 100
1010101110101000110111011110000011010010101010111111111010100100110001010000000011001111111001101101
1111100000110110101100000110100011010100000101100010011111111001001000100001011001101100100100011000
0111010000111100101010010110010000001110000000111100110100101000001000111110111110010101100110100110
0000100000110100110001010101100000101001101100111100111010110011110011010111111110101111010100110000
0101100110010000101100111100110011100110101001110111000001111100101101110100101001000010000001100100
0001010000111100010010110010010101001110000000001011110000000011100100100101110111111001110010001101
1100111110110111011001110101111110100101110011010101111010111100100100000011011111011011010011111110
1110000100010111011111111000011010101001110110110010101011101010110000010111101101011011100011111011
0011001111100110100110110100000111000011100001100110000101000000000010011101100000000100110110000011
0110101001010100110110101011101001001000010101100011011010011011100101011101000100100000011011011010
0001110110100001111001001111010010000010101011101000111101000110001010110000011101001110101010001110
0011011001001110101010011111001111010100001110011101010000111111101111001110001001111001101101000100
1101101111011010010000100000011011100101011010000110011000110011010001011110000001000111100010101110
1111110100011010011000001000010010110111011001100011101000100010111011001000111010010001000010110101
1101111110011000010111011000010000100101000011100000110110100011000100111000101001101101000101010111
1011010010101010010100010101001000000100001111001100101000100100110011010010111101100110111110101001
1100001100111101100111010010011010111111001101011100111011000101001110111110100111010110111000000000
1111011010011010011101011101110100111101000000010010100111100000011010111110101111110110000001010000
1010110110010110101010001100000110111011110100011000001100101000010000101100110010001001000010101001
0000011101000110110001110101111000001000011001101110100011010110001011111100100101100001110000110011
0010000111001011101110001111011110110010111100001000101111001100100001001000111011111101110100011010
0110111100100100001110101110001110100001100100011111001000110101001111000100101111001010111110101010
0010101111000110000101101100011100011111011111100010000101011101001000110100101110011110000101100010
1000000010001001000000111000100110101101100011000011101111111011101110011000010000011110100111000000
0000111010101010111001010000101010000000000100000110110001100100000000110011100101011110011110010100
1101011110110110111011100111000100010100011111111110011011000001000101111101100010101011111010111000
1001010111011111011000011000111111000110100101101010101001100010001101011000001000000001001111001111
1010001110011100110010111011010111100001101011110110001001010010000011001111111011111111110100101011
1101111111001011010111000010111110110111000000110000011101101101101011011100001000110101100111101001
0111010010101101101001010110000010100000000011001111100000101010011010100000101101100010111011100110
1101110111101000100000111100000101011011011000111101101110000101101111000011001001100100101011010000
1110101111101101111111010001110111110100100000001010100011001010001100011100100010010101000000010001
1111010000101011101010111100011011001010110010011010100011100110000111011000110110011010100000101100
0011010000111101001110011010111010010011110101011011111110000111011110100111110000011110010111111111
0010011110010110111000100110010110001001110100110010101001100100101111101000110100100010101000101100
1001011001010111011101010001010110100010010110010010011000001000111100011111010011111100101110100101
1111010101101100010000111000100100011100000101111111110110011000110010110110111011011011010001010100
0100101100001111000000010111111011010011001010011000110011111111100000110001101110011011010111110010
0101011001011010110110110110111010101100000110011111110010000011011000111011100010110011100100110011
1010100000111111011010101001101100101011111001110010101010010001000011001010110011111110100000010001
0000111101001000101100111111010000110001011011011000100001001011111010101011000011101100000100100110
1011101100000100000011010000111100101100001000000110011110010011111101000101011110110110101101100011
0000010011011111110110101011110011011101011010011001100111001111111110111001101110110101110101001100
0100000011110001000001101010011011100000001100011001100001101001001100010011101000100000011000110111
1010110010000000111111001101101101000010100111101001001100000101000101111011011001010011011110100111
1111011100011000101011111110100000001100001010000010110001110001010010010100001100001010000001110110
0001000000011001111000011000001011000111110001001001011001100110010001001111010101111000001111000111
1011101001001010101000010001010110011110101101001110011100110000010010110011110111101100011100110000
0101001010010111100010101110001110101101000000000110011010100010110111000101010111010100010100000110
1010001000011111101110001100101110101110100100100111100101000100100110100100011000001100001101111111
0000001000111101100111011001011011101010101101110111110110000100100110010011001011100110001000110011
0011001011100011010101101000100101110111010100110000001011010110110100110010110101100000011100010011
1110101100001000110000111001101110111000110111101010101000000010111100111001000111110101110100001010
0100111100101110000100111011010000111111110000101100011111101110110100111110011101011111100101010010
1001101110110001011001001000101110001001110111100111110111001001010011110010110000100011110110000101
0011101100010111010001100011101011000110000001011110010010111100101101000010111011000100000111010000
1110010110001100101110111000010010000101100111010010010011101000101001000100011111000011001110011011
1100100011110000100111011101101000011101000101010111001000000001011100010111111110011101100010011010
0001011010001001111001101001010101110010111100100001110000110011101010110100001110110110000101100000
1010001001001010010101011011100110100101010010010000111101110000000110101111001000100100110001101001
1100010100011101100101000110011100010110011111110001100001011000110111011111010011010001010101000010
0001011011101100011000011010111111101100101100101100010010101101101010111101001100001001011010001011
0100101011110011101001110101100001100111011101110010000101101011110001011001001001110001101101101111
1011101100010111101111011000010100110011111011010010001100000101011100101011000110010011111010100111
1001010010000001110010011000000101100000110100110000110000100001100011100100000000010000101010111001
0000011110001001110101100111000101010000011000100111101001011001100001011011011000000100111110001100
1110010010100101010100101010000100101110011110110111010101100000101001000101001011001011010001101111
0101011011111101101001101111011110111001011001100100101110001001000010000000001001001101010011101010
1111001011100010011011110110011110011100011110111101110001100101011100011100000010110101010001010011
0100111010011111011010101000110011110001110000010001000010110110100010110100110110100010101000000110
1011110101101100001100011000010000011010011000110001111101101100101100001010101010000010011011000001
1001010000111100000111110001110110000110000100011101100100100110000100001010111000100001010100101101
1011101011010011001100100100000011001001111001011110011101110000110111111101001000111100100001000110
1101011100111111011000010101110100110010110101011010101110111100000111110000010011010010101000110000
1010111011011100000110100101110101001100110111101001001110110111110011111011110111100100011011001010
0101111101101111111111001110001011111010011100110110000000000010001110010111011101111010111111010101
1011110000011111010101001011011111101000010011001000001100110110000011010000010000101100100011010110
1000111001100010110011011111101110011100111001010110100001001011000000010101010110100110011011001001
1100010101100011000101001110000010101100101011100011000011110100011010100010010010100000010010100101
1000110111001010001001100110100001101010101100101000011101011100010101111001101101011111110001111011
0011101101110111101110001000010100100100000001010010111111000000011110000111101111100110101110000000
1000001111000011010011010100001110010010001100100110110110011111101011100010011101101010100010011101
1001100111101110101010101000010110011110011000011001000101100101010000111010000001111110101000111100
1101000010000010011001011101001000001110101001111011001101100111010110011100111101000101000101001101
0011110001010100110100110000000011000011011010100001010110001000001101010000110011111011101010111100
0101001001010000110011110100011111100101010101011001000001110011001100110100110111010101011000011000
1111100101011010010001100010100100111001111000000110001111110000100001000001110001110100101100010000
1111100111100011111001011010101111011101001110111101010110110100010001110011010101010000001000111110
1001100111100111001011101011000011111010001100100011010000011011111100011110001010000110111101001110
0001111000001110100110000011000110100110101000001111010001010011100110010011001101101100111101111011
0001100110011011101101001011000011000110000000101111101001010001000100100011010000101110111001010000
1001110001011001101111101100101101110111000100001111010000000000010110100101110000011100011000010100
1010010010100100111111001111001001011111011111100110000010101000110110111100001101100011111010010101
1010101011011001101011110000110100000001011111100111010101000111101110110011010000010010111111011011
1011111100011011110011100010110111100101011101111010011111010000001110000111111000101011000110110110
0001011100010110010101010110011110111011100000110100101111001001111101001000101110010010001111101000
0000010011010011110101110100100011000001111000111010110100100111000111000011011001011010111001011000
1110100000101101011111100111000000010101111101101001000000000100110011111111100100101110010101101001
0011001110101001001100011001111110101101111100011101111011110110011111101100010111110110000111011110
1111100110111100001101101111110100101111110111010111100101100111010000100001101001111010110010001100
10
Q
M 69 47 0
M 69 63 1
Q
Q
Q
M 36 41 1
M 98 27 0
M 27 80 0
M 5 66 1
4 4
0101
0010
0100
1111
7
Q
M 0 2 1
Q
M 2 2 0
Q
M 2 1 0
Q
23 23
10010111011110010111000
10011110111000101010011
00110000111100110011110
00011111110010100000111
11001000011010110100111
11000010110011001011011
10011000000011010101111
11001011100101101010000
01000110111011011001011
00001010010101110011110
11010101010110010001001
01101111000001000101010
01011111010000001001100
01110010111011000111001
01010101111100111011010
01000100001011011000111
00000001110000110011110
10000110101011011001001
11110101000110101111010
01001111011010001001001
10010100011111110000110
11001010001001010100110
01010010010010011010111
5
Q
Q
M 17 2 1
M 0 4 1
M 12 18 1
49 26
11110000000100111000011110
10101110010111011001000000
00011000000011000000001011
01000111110001000101001010
10010111000100111001111110
01101110101100110000010111
11100000101110010010011001
10110011100000100010111101
11011000011101010011110000
00100101101111110010111110
11100000110101001101011011
11010110010101111001101000
00101000000101011011111111
10011100100000010110111000
10110101100111111100110100
00010110001110110100001101
01011010001010001011110001
00111010100111011111010100
11101000000110100111001100
11000001011000111001100001
10100101101000101000101011
10101101010000101111011101
11111111110011000110000110
11010011100100011101010101
10111000010000110100010111
10011000001001001111100111
10110111010110111110010001
11101101000011110100100001
00000100101110101101111011
00011000100111000010110101
10000110010111000010101000
11001111011000110110110000
11000001110111101011110101
11011010101111001011111011
01101100001010110011111101
10001001100001000011010001
11100010111000000101100001
00110100101110011111100000
11101100110100010001010110
00111110100010000011010010
01000110101010100101101111
10010011001100001000100010
11011010100001011110111010
10100001101110001000000000
10101001111111101110111101
00000010011000000010011011
10000000111101110101001010
10011000111111111101111101
00010001100001101101001101
6
M 42 5 1
M 24 17 0
Q
M 42 25 1
Q
M 10 12 1
82 22
0010100101000111010111
1010001000111010001100
1010000010110000101000
1100000011110110110111
1001010101110100010010
0110011011001111100111
1010001111100000011111
1100111111011111111001
1101001010101101110000
1001000001101001001001
0010101010110100000001
1000101101010010111101
1100101101011001001000
1100010101100000001101
0110100110101101101010
1101000000011001000001
1011111001001011100000
0101100000111011111100
0000110111101110110001
1100100000111100100000
1101011001010010111101
0110110000001001111010
1110010001001000000100
0100010010111101011111
1110101010010010010011
0111110010010010110111
0001000100100000111011
0101011011101111000111
1001011100100000000010
0000010110011001000111
0011101000011110110111
0110110111000110001000
0001111011010010001110
0010101011001000110011
1010111000111101001000
1011000010010010001000
1111110001011101101100
0001010101000000000000
1000110001110011001110
0010000100001010110011
1011101111100011000110
0010111011000110100100
1100110011100111011010
0111110101001010110010
0110001100110011010100
0011100111100010110101
0100010110110111111011
1011000001000101100101
1000101110011100000100
1110001010001001101000
0001000110110100001010
0011111101111000000101
1111000111010110110101
1101001011011010110100
1010011111101001100100
1000111001111011010111
0011101101101111010000
0011101100111011000000
0001101111110110000000
1000110011101110000000
0011110100110100000101
1000101111011110100011
0011011110011100100110
0110111110101000011010
0011100110000011010010
0011000110011010100001
1111110011100101101001
0101010101011111111000
1011111100110010010010
1100101001110110101111
0100011001010011000011
0101111110101101110100
0001000000110110110001
1010000111111001010001
0100111110000011001110
0101110011011111011010
1101110100110100111001
1100001011010010101111
0010010010010000110010
0111001110010011101100
0010000010001010011010
1000100011011110011010
9
M 46 1 0
M 78 0 1
Q
M 33 19 1
Q
M 62 12 0
Q
Q
M 72 16 0
94 19
1011011000101101001
0010011110000001101
1111001011100101001
0010001111111001100
1101011011110110000
1101100101111000001
1000111100010001111
1010101011000111011
0011111011011100111
1110101111110101001
0011011000000100100
1001001100101111110
0111111001111011101
0010010001111110100
1101101010110010100
1101111110010101100
0000110100101011111
0101011011111100111
1011111011010111001
0001101001010110011
1101111110010010100
1110101110101111011
0110000001001100110
0011101100101100100
0111011110101111101
1101110000001000100
0110001100100110111
1111010110010001000
0010100001011110011
0110001010000100000
1110000001010001101
1011111000110000101
0001011011100010010
0001010100010100110
1111100110111001110
0101110110101001001
0000000010001100001
0110010011111011000
1011001111100100000
0000111111011001111
0000100000001100100
0011011001001100011
1100101011010111011
0101010110111011000
0111101110011000011
0110110111110110010
0110101010110110000
0000001010001011001
0111001010111011101
1000111101111011001
1100111111001111001
0100100011111000000
0011100001100110001
1110010001110101101
1101101010110001101
0000000100100000011
1000100000011000010
1011011101001110000
1001001001011010100
0101101100110101101
0000001110001110111
0000110011000111000
1010110010011001011
0011101110001000001
0011000101100010100
1011010110000101010
1100001111000010100
1010111010100101110
1110101100010110100
0000111101111000001
0100100010101011001
0111100001100001010
0111101100011000010
0011100000010001011
1100110001001101111
1000111011011010011
1000100011011000000
1100100101000011001
0101101010010010011
1101110101111100111
0001001011001111010
0010010101010111001
0111010000000001111
0100100110011011100
0101110011110011111
1101000001000011001
0010101011010110001
1000010010111110101
1011101111100011011
1000100111111111101
0110110111111000110
1100110011010001001
0011101101111000100
0101101010010010000
3
M 23 18 1
M 0 1 1
M 45 3 1
51 54
100110000011010100010110010010011111100010000010011110
100110100010011001001110000110010000100100010000110101
101011100001000101010011110000101110111010000001100010
010000101001110101100010011011101101001010110100100110
011001101000001011000001111011011100100101010000101011
101000110111101000000110111110011010100011110100011001
100010101111001011011011111101110000010010011000000110
100100110100101010000101010000001101011101000100010111
100000011011110011011110000001010111111011001110000000
100111100101100011000010101110000101110011101011001101
001001100100001101001011110101011001110011010011101101
101110101001001101111101001010010110100111110111001001
110110111011110011001101110111111110110101101100111101
001111001101001101101000000111001111010001100101110110
011110011010001101100101111010101011111100000101110011
110100110101101010101001000100001110011010000010001110
110111100000000011010110110010110011010010111100110111
101111110011001010001101011011010010100000011000001000
001111101010111000100000111111101101101111100110101110
010011011111000011110001000110000101011100111011011011
000110001110101100001011011100111011000010010010011011
000111010101001111111001000011111011001011000001010000
111001100110010010001111111111111101101010000010111010
111101111001100101100110001110010001000101101011000110
001100000000111000101100110000001011100111000011011111
000110101111000101010010100011100010110011100111100000
100010011110100010010110010101000100011111000110101001
010110011110111100111101100110010100010011011010101100
101000110011011101100110111110010011111010100101000000
000000101001000110110011100001100011001010011100000010
010101010111000000100001100001001101111111111100010000
100010100110010111001100010011110101001011001000010001
110000100111110100000111000110111010111010001010001101
110000001011000011010111000101100001110111001110101111
010011011000001011100101010011011101011010100110100001
100010010111101111111000101000111010110011010111011010
101110001111101011011010000001011010011111110010000011
101000010101011000111010011000001001111110011101001110
000011100001000001001000110100110000010001010011000110
010101101011011101100010110110001110011000000101101010
100000011110110100001100011000100000100011111010010011
111111010011110000011001011100010110011001010101101101
111011101100100111101011110111101010000101100001101101
100110000111010101110111111100100010001111111101110010
101111101011110011001100001101001001100101001111111100
110111100010011000010001101110010100010101010101011110
110010111100010111101011000110000011111100010100110000
000110101010100101001100110000001101000101000000001111
011001100101111100101001100101011001000111010001100000
101010001100110001011100110110000000100100101010010110
101000110101010101101101110100001010101100111100001010
4
M 29 24 0
M 15 51 0
Q
M 30 3 0
79 65
10000100010111111101010101001111000001101101101101001111111111101
01110010100011010000011011100101101000101101110001011000101100011
10000100011100011010100101101011000110100110111110110101111110100
11100100010110111000001101000101001100001100100111111101100011101
10000110001000000011111101110100001110101001110010001100110110111
01110111011110111000100110001101010110010011111000111010001011101
01010011010011010010001011011010001110100110001110010110100011110
01010000001001111101111100101000010010101100000001010011011000101
10101000111011001010010111101111110000110001000010110011011100101
11001000010111010010111100100001000111110010011101101111011000001
01111100000001101111011010001001111110101000100010100100000111110
10000011111101111011110100110010010001001101100110100101101010010
10110100000110001101001011000011111001111010101110000010001101101
00000010110101010000011010110100001111010011011001101110010010000
01101010010011001101111011010011110100101011000000110010010001000
11011110001110100111111000011100100111010000000011101110010001001
11110100100010011111100100101001000000001000000101100011110110011
10000011001101001000001001011011111000111110011010010001011111100
11100110000111000011101001011100101011000111110001110100100000110
00000000001001101101110011101110011010101100101010010000011010111
10010001110111111000010001010101001010010011101010101000111010001
01011010111010000000110011010000110101100011011001111000011010010
00000101111000101110000011101110001000011100000010100100101100011
01010010111101000010100110101011101100011011001110011000110010000
00101011001011001110000001110010011001011001100101001010010010001
01011111111011111010001001010000010100100111011000101101110101000
00010010010001011001100011110001001111100001011000100110101110100
01011100001111101111111011111100110111111011000111101010100111101
00111010010100011110000111111001000010011111101101011011000011110
01110110110011000000101011111110110011010100111110100000011010110
11000011101111110101100000111101111001001011111011000010110101011
00110110101101000100110010100111110110011111101000100011010100111
00100110110010001111011001100000101101011001011001010011111010001
00101110011100000011011101110001101101101100101001000100100001100
11011101011100010110010011011100110010010000000000101000111010101
01000010001011001101001100100100011011100101110000001001110110000
01001100100111000110010000110011101110011010010000111010011111111
01010001111110000100001001001001011011001011011100011000001101111
00110100011011100000111101011011101101111011000000111110000011000
10011110101010010010011001111001101000101111101010011101110110101
11001100010101011011101100010101110100010100010001000111001100100
10110000010101001111010111000100110010010110011000001001101000110
10101011000110111101111111010010111000001000110101111110000100101
11101100011101110110101000100100010011010011010110110111001000010
11001010100111011101111011000000111111111111101010110000111011011
00011010010010000000010000100111100010010001101100010110111011111
01110111111010101100110111001000111011011100101110001111001100100
01011110000010000100110010010110011110001111101001001100010100010
11000110110100001001110001001111000011011010111101101111000000001
00100010000010110111110001011000001011111011011111010111000111010
11111111100100011101110101000001011100001111101100011110101110111
10010111110111010111101110100101111111101101100000001101010101101
10010100010111010110111100010011110011101000010000000010010101001
11110001111000101011010001100000110001110001100001011011010110000
00000011101001101010110010110001111111110001011000011001101100100
10001010001101001000101100011110111101000100010000111110111101001
01100001010011001100010010111111010000110111100001011101101101101
11000000000010110111011011100000001100011101111011000010011101010
11100011100100011100110001100100000010001011100111000110110101011
00011000000110000101100110000101011001110000010110111011010110000
11011001010011001001100100110000110011000110001000101011100010011
11100011101011000110000100001101010001000000011011101111000010010
10111000100111011001000101010001101001111010001110100001110000010
10111110011110010100110110101101110100001111000110110010111001000
10011010001011100001011100000011111100001010101010001100100010111
01011111101010000010100001000001110100100100100010110011100011000
10010001101010001110110001111010110001010110001000100100100010110
01001011010001010100010000010011100101101110100011101110000100101
10110010111000001011100011101011001110110110010010101001101101010
11010111001010000000100001110100000100111110101010111111111001010
10010110100000110000001100001010100001000001000011000000011011010
11110011111010111000111011110011001101000001100011101010000011000
01100111001010111010100001100001001101000010000101000010000111010
10001110100110011110001110111111000000010010101110101001100110011
10110101101100110011101100111101110011001100001100011010001001101
01011111010010101111010011100101111110010110011101111101110010000
00101000011001000000100001111101111001110011011100110011101111101
01010101101001001011001001000100000000001011010111100111010001110
10000101101011011100000001100000011110111101100010100011100111000
8
M 8 16 0
M 54 38 0
Q
M 29 48 0
Q
Q
M 74 56 1
Q
